time,x,y,z,phi,theta,psi,x_velocity,y_velocity,z_velocity,phi_velocity,theta_velocity,psi_velocity,rotor_speed1,rotor_speed2,rotor_speed3,rotor_speed4
0.06,-1.4324628328270384e-06,2.5085332995878476e-07,10.000100299710086,0.00027675253649217524,0.0010837557485174898,0.0,-0.00010726402485732321,2.164374747204344e-05,0.0033432185105339574,0.012529649505720376,0.040510261393331595,0.0,403.3277556339262,406.9695097371205,404.4345546396783,405.56125204836655
0.12000000000000001,-4.843511464615843e-05,1.2306473778102898e-05,10.008516602029072,0.001022712623633737,0.004071032231623306,0.0,-0.0018113356143829341,0.00047587666026114743,0.27717282893330514,0.012238217743342284,0.06381421508889525,0.0,488.24325365389114,489.9798676718612,488.81425934716833,488.7924252742147
0.18,-0.0002685513806482865,6.810228619563442e-05,10.030782575360465,0.0019803855029598694,0.007465214835506551,0.0,-0.005948746414660897,0.0014822246544066813,0.4649657252980967,0.022525075638010008,0.03532398302245797,0.0,464.5030789784485,462.2657244599766,464.27027492260885,465.0764497335447
0.23999999999999996,-0.0007869627122212796,0.00020263282287007355,10.061499609127663,0.003185870623985565,0.0100672143675693,0.0,-0.011573571277441365,0.003131809100795951,0.558891262687336,0.0147164315202794,0.05591488270814624,0.0,433.8358217608023,435.56206937301994,436.0644455946452,435.411744543603
0.3,-0.0016988672576198844,0.0004585436922498145,10.097701029771375,0.003782215168532055,0.013650159585027133,0.0,-0.019171824260107474,0.0054749315926551625,0.6477718320516357,-0.0019229858168662685,0.06639853523929641,0.0,433.4650471391693,434.3476116355648,434.21800817491516,432.81997939582527
0.36000000000000004,-0.003094184250684113,0.0008510560700281439,10.135939985940205,0.0036085686158653374,0.01753173933708929,0.0,-0.027669906293756954,0.007596745068695774,0.6268669357699279,-0.004910869299749173,0.0610448158491312,0.0,398.0766725814388,397.590145709484,396.6130786273263,396.33865826223973
0.4200000000000001,-0.005135376772433115,0.0013809790454663961,10.176732859206961,0.0033815205970118,0.022170019641713168,0.0,-0.04080769204479738,0.010040350536433904,0.732824599813401,-0.00162074373301939,0.09826554049495496,0.0,437.15360287931395,440.2481066095266,439.6608215526019,439.9333632488675
0.48000000000000015,-0.007937856498652623,0.0020345350419488776,10.218261488813715,0.003185420417141316,0.02792518794114862,0.0,-0.05304778328984129,0.011734120275053557,0.6515031127856042,-0.006786038215175394,0.09076200216108972,0.0,375.7040539774053,374.98561228533754,376.11926699581204,375.61880816538866
0.5400000000000001,-0.01176330604556809,0.002807519931408397,10.261892592549207,0.0025774303531092,0.03295353849313276,0.0,-0.0750452033138887,0.01397717775870005,0.8027548190230934,-0.017846963518429584,0.06388525651479654,0.0,453.87859540654756,451.7220764563099,454.50414949828894,453.6170366170934
0.6000000000000002,-0.016951991628810437,0.003694483121274846,10.312755208501729,0.00128265905309366,0.037131387877642474,0.0,-0.09831357898209236,0.015470500511740504,0.8925849630803631,-0.03034554725684278,0.0791698020166851,0.0,433.9508012520745,435.2354958050883,434.86023234921544,433.81210100534753
0.6600000000000003,-0.023691674536058017,0.004643794850571849,10.370760328307771,6.282826447204876,0.041570031346499725,0.0,-0.12684276458328003,0.015984787919040087,1.0407746819242922,-0.021970252508809972,0.06078173106869991,0.0,453.5221265677588,452.04704494272306,452.7339777526559,453.40708538595896
0.7200000000000003,-0.03222159159199587,0.005590158330022938,10.437292469989218,6.280980984604785,0.04490696622059076,0.0,-0.1578607609395536,0.015404636125566844,1.176814721293042,-0.06106092796545625,0.04250418510176189,0.0,449.79037335901717,448.3098739901512,451.5301452601749,448.365190563216
0.7800000000000004,-0.042758243527437484,0.0064476549856475746,10.513682095922437,6.277871480077282,0.047607301228823395,0.0,-0.19365651523517768,0.012792653807745668,1.3692775830144388,-0.03784914254566445,0.04958869224470394,0.0,467.6866889751841,468.23914571507436,465.0219822049692,466.8347352636698
0.8400000000000004,-0.05526230979746528,0.0071112694483106914,10.596509004449212,6.27650733882731,0.051125975848175464,0.0,-0.2234433586012234,0.009172887463000559,1.3915744820573748,-0.0027679358337229718,0.07240987106388741,0.0,412.72131074858686,414.7329899343902,412.0978420510946,415.18663310581854
0.9000000000000005,-0.06971883819476249,0.0075265308723323964,10.682510852759206,6.276536523881768,0.05607969487413911,0.0,-0.2589049035507563,0.004663944520929821,1.4750209913811843,0.0063090019630587255,0.09757730786455183,0.0,432.63536504877914,434.7545247986763,433.6840566577276,434.4457192301675
0.9600000000000005,-0.08643874631457184,0.007671158390649834,10.774047748699102,6.2776106077485885,0.06151295948076552,0.0,-0.2990020579228996,0.0002390634722276568,1.5760361478278742,0.03447449220595577,0.0703382076363261,0.0,441.0947988233045,438.8464355462379,438.4280657931429,440.7617503587905
1.0200000000000005,-0.10587283392508055,0.007561206312662875,10.874876122767374,6.279566900403109,0.06565254310018531,0.0,-0.3492776645626107,-0.0036644535408840856,1.7845700435619631,0.028576524214101336,0.06615863642340146,0.0,472.94756797266365,472.6288617568983,473.37978341297924,472.92608494648124
1.0800000000000005,-0.12827004980713175,0.007270076128975125,10.985913274812246,6.281398595061743,0.070210495696446,0.0,-0.39774481080651125,-0.005849592627734099,1.9164176915465367,0.034170269636688885,0.09059496804970556,0.0,451.0079562053088,452.98143501555006,448.85749378562747,449.31148709464907
1.1400000000000006,-0.15360209955776197,0.006890143212160243,11.10376461635849,0.00013606565490320577,0.07592396562983073,0.0,-0.4472138833681599,-0.0066129437279757635,2.011746427046982,0.027419435219978697,0.10316130546070573,0.0,438.43445746965756,439.4849755266295,440.6256638413721,440.0676320946324
1.2000000000000006,-0.18217303346002361,0.0065055460722022234,11.229272499264344,0.0030796536352957204,0.08176293206544916,0.0,-0.5058017981435847,-0.005932768547931541,2.171492969364032,0.07414081330384684,0.08185274018825797,0.0,461.1856231282539,459.5071448675056,458.02058331481703,461.7223397451638
1.2600000000000007,-0.2142517951278072,0.006230940460139834,11.362736380085057,0.007601207063566484,0.0863719823182052,0.0,-0.5639693213509286,-0.0027606586917374993,2.277040565974164,0.07768971835321385,0.06413918651991932,0.0,445.2720951345015,443.8252592024351,443.5395962369661,443.83541986167614
1.3200000000000007,-0.24998988375402303,0.006248838134189111,11.503396074893402,0.012151805065377275,0.08978565507016167,0.0,-0.62767732771773,0.0038477665769868397,2.4112855013302825,0.07187052910602969,0.03564831564262181,0.0,455.5895763085793,453.307934615689,453.0045442246615,452.540797657803
1.3800000000000008,-0.2893923007208644,0.006728062773928581,11.649595696796517,0.01644098657666504,0.09148290688233907,0.0,-0.6859220482849111,0.012531730515037802,2.4618896797737193,0.07070716354023193,0.00647761632447982,0.0,429.6799035336482,427.2000343171695,427.1393333243676,427.0442690309043
1.4400000000000008,-0.3331641665911425,0.007969368384361075,11.808045140497866,0.020895269193255572,0.09210952970469943,0.0,-0.7731456540553493,0.029440259262351515,2.8189022589605677,0.08049743331028034,0.017384648572595595,0.0,518.2945027327062,519.0603421357137,518.3051271694305,518.9961242973793
1.5000000000000009,-0.3813917817561147,0.010166722044094885,11.97926315564088,0.026329551444812083,0.09276717200230689,0.0,-0.8345224222312848,0.04430557816465462,2.888153771507039,0.1054987026783848,-0.006735493657976157,0.0,437.28329088696955,435.2693013971573,434.72709203288605,436.82377537708413
1.560000000000001,-0.43340489881004046,0.013395311657809716,12.155625743536659,0.03268831145826834,0.09276747961285903,0.0,-0.8992168300794252,0.06395530452040782,2.9902999303330495,0.10692288437356759,0.010896439298429992,0.0,445.617197724121,447.0562112159351,447.42566712452697,447.55134873141395
1.620000000000001,-0.48922702012459074,0.017906151817909464,12.337260848843483,0.039141727972813456,0.09384844328620545,0.0,-0.9616015907951333,0.08702950082143691,3.063956087870327,0.10879477520916975,0.02940105634988818,0.0,437.6513027575459,439.1887652270769,438.6080352367746,438.7738007423441
1.680000000000001,-0.5490303834176534,0.02401989342968977,12.525534131690131,0.04524885088316655,0.09537800670848906,0.0,-1.0319980004760332,0.11743882546724703,3.2113401070549976,0.08163291862771666,0.016231968866985618,0.0,463.1494075762532,462.1125699701492,462.5486697888971,460.412858536038
1.740000000000001,-0.6127464861224391,0.03192025723834405,12.719049154317991,0.049938738023169726,0.09594180893228543,0.0,-1.091953836042407,0.14634029395689002,3.239030087871215,0.07013062466799386,-0.010015148532900598,0.0,426.0484851805566,423.7982967108757,425.99848574148996,425.018885359952
1.8000000000000012,-0.6804417542926144,0.04183678146299166,12.918099980378916,0.054697138267769674,0.09496819424479508,0.0,-1.1644454841850023,0.18468577358308652,3.395494768635444,0.09321054402129718,-0.033084414020836554,0.0,466.4144564660708,464.60926464169074,465.668235483614,467.47474881259626
1.8600000000000012,-0.7521820365115084,0.054000572198221804,13.123578913916596,0.06007945425492167,0.0926950359623282,0.0,-1.2266985305810354,0.22129063565814958,3.453594971497576,0.08157123371447823,-0.0498203686346172,0.0,437.5821581651693,436.1858871796652,436.5761016709563,435.61066351710053
1.9200000000000013,-0.8275500443572656,0.06842062219968338,13.331847795253617,0.06509098662256818,0.08941221911545139,0.0,-1.2852934368799125,0.2598292487546644,3.488573998600662,0.08717045229977985,-0.06693698164543287,0.0,430.5051679054002,429.0521146897775,428.8385077813353,429.31983625063646
1.9800000000000013,-0.9070261165490918,0.08573215755137183,13.549530552766425,0.07040366862410252,0.08572679063618516,0.0,-1.3633617578408672,0.3178403437318423,3.766602611181225,0.09115881083420595,-0.05220940316806237,0.0,502.1624741739519,503.2274127179327,503.0213669801472,503.3156256452862
2.0400000000000014,-0.9905285390197212,0.10618694420995936,13.77722327888418,0.07566175220639249,0.08251369787975982,0.0,-1.4197577538439397,0.3644856938168665,3.822934533784752,0.07944930539658318,-0.056379687406048554,0.0,438.9169533085926,438.56875185279023,439.01650172219917,438.0502101120262
2.1000000000000014,-1.0776727844481628,0.1298336817847993,14.012123824796038,0.08030884654855175,0.07947711146417902,0.0,-1.484658416428072,0.42422796343464086,4.00641109956619,0.07312532624469369,-0.041035619945248986,0.0,476.910248915369,478.0793721462577,478.9316173375351,478.4546405173502
2.1600000000000015,-1.1686043050280588,0.1571253885763836,14.257460449587619,0.08498555513654615,0.07670309563898847,0.0,-1.5460810151384399,0.48595220675175366,4.1708338810636665,0.08616309422710246,-0.05945192587655913,0.0,474.6913890346866,473.27474216410945,473.1722402131973,474.1793186451128
2.2200000000000015,-1.2625580389483426,0.18755175976846045,14.504791611909578,0.09032255694109459,0.07330556855387016,0.0,-1.5855126185039095,0.5286732533098224,4.073869349356519,0.09400743076567124,-0.05150147954527985,0.0,388.7378804979403,389.4795512488585,390.67409254042843,391.4126570491945
2.2800000000000016,-1.3592063584748688,0.2210866212767455,14.75138141576027,0.09600649017503571,0.0700759787134837,0.0,-1.6357976513665853,0.5896829418221761,4.145476584589099,0.09614273506276062,-0.058935103127081445,0.0,447.1478174679889,446.53985567539814,445.27606560743845,445.45832702572375
2.3400000000000016,-1.458969218968293,0.25861405061456416,15.004505172509571,0.10217023401450476,0.06603832019296707,0.0,-1.689220994654995,0.6618271234182006,4.291372415455534,0.1134082343900308,-0.09459974268875548,0.0,471.34158993401866,468.57333070775917,468.58346955864397,469.9322556650167
2.4000000000000017,-1.5622335854421594,0.30122223607034404,15.2722649290187,0.10956012429111084,0.06146965271367044,0.0,-1.7521816991618848,0.7592877042852901,4.632517732203101,0.137731862130646,-0.053397592390265716,0.0,525.0480299153719,527.8947313303959,524.7880080560983,526.4846373924593
2.4600000000000017,-1.6686406214792728,0.3489381809611545,15.55193214417737,0.11797471807549265,0.05834564144726784,0.0,-1.7944304493649328,0.832010594169774,4.689381305512275,0.14483950174401206,-0.04953092638339139,0.0,445.8464804456182,446.1605778568795,446.66933230886997,447.266780713649
2.520000000000002,-1.7773725354144585,0.4008587781062429,15.832308616622637,0.12649006077503255,0.055716540255835056,0.0,-1.829772659191499,0.8993955138471096,4.656530135123588,0.13534422403197577,-0.03432352313037568,0.0,416.7263097772248,418.05241671257124,418.88701877829,418.080440871752
2.580000000000002,-1.8884401902739598,0.45754041458342537,16.115190614891844,0.13480467193225998,0.05341610551345699,0.0,-1.8722538667381678,0.9907774302535085,4.772230936243484,0.14435817982864207,-0.04791090883048604,0.0,466.84565366617807,465.7834516381223,464.19382515754563,464.9175538053925
2.640000000000002,-2.001863818310522,0.5195050682789015,16.402246956250046,0.14351036363349934,0.050484376357845306,0.0,-1.9082914410043814,1.075474483227367,4.796066838903568,0.1465272799756892,-0.050835236022668144,0.0,438.6062703891076,438.36178776372805,437.4311824106024,437.63184018507434
2.700000000000002,-2.1173803443248302,0.5866508348359335,16.690301113341572,0.1523068122780904,0.04742620071927384,0.0,-1.9420132060494584,1.163478293401606,4.805542260033974,0.14676719826061968,-0.051239574735069855,0.0,433.74027216833235,433.70458328889293,434.03614869463655,434.0769801123871
2.760000000000002,-2.2347307514390016,0.6587744001663861,16.975941498810506,0.1613984621747866,0.04459215349608492,0.0,-1.9694936247366874,1.241348335944687,4.716040505553233,0.15965347380086017,-0.040234876608783304,0.0,399.0869288188445,400.088647130547,401.2138881640718,402.40646820989036
2.820000000000002,-2.353902371529643,0.7364649778695775,17.2607988415119,0.17082076216005682,0.04306115867359228,0.0,-2.0027222022843767,1.3491883729773309,4.778709720161704,0.1512231260703737,-0.005904912517800837,0.0,449.7414831548551,452.5135454121999,451.16039473280574,450.50205809317185
2.880000000000002,-2.4750304391523885,0.8207339117244531,17.54896845179388,0.17936034819768754,0.042508703723942,0.0,-2.034846553691932,1.4605525957714087,4.8264883202226825,0.1112436736064267,-0.01680266527422906,0.0,448.12572320904127,447.23899105970963,448.61939187464816,445.3785578575734
2.940000000000002,-2.598080121692467,0.91184602632137,17.840027795165255,0.1854519993934476,0.04175511312346991,0.0,-2.0667367661141585,1.577064897014703,4.875063167901063,0.06149878900798948,-0.005196823295123037,0.0,448.1855063386237,449.12803958883603,450.403202362504,446.36907510962095
3.000000000000002,-2.723120301857017,1.010425669630473,18.135976889853882,0.18925009759769829,0.041515762209816565,0.0,-2.101235958391628,1.7091709248087534,4.989210611205564,0.06668185315233632,-0.00167699665176317,0.0,470.58910597978695,470.8615986473285,468.55005102026104,468.95555853682066
3.0600000000000023,-2.850118018941951,1.11649644445935,18.436100037098562,0.19344430546398161,0.041155476934123136,0.0,-2.1320142944407277,1.8268228524487284,5.014593809291798,0.07567026350416214,-0.016488881341102067,0.0,444.0116720887398,442.7947276982627,443.13647421595834,443.8785508087105
3.1200000000000023,-2.9789740227299935,1.2297771681974117,18.738123933197958,0.198376553185879,0.04033233265259817,0.0,-2.163113838679015,1.9495554424834205,5.052493715320109,0.09281509860320285,-0.008686865285876007,0.0,447.9648706822041,448.59906494631076,447.2602904850841,448.6600050579494
3.1800000000000024,-3.1096115626901315,1.3501409851067327,19.040570189514696,0.2038728805072676,0.03993749702672389,0.0,-2.191454989155086,2.062998749889665,5.028939533295981,0.08907116980844844,-0.00266964557270193,0.0,428.9340387570746,429.4449355501514,428.8101942738933,428.4993672136618
3.2400000000000024,-3.2420980639763965,1.4781579418319035,19.345247765802576,0.2088409655879131,0.03994571933582591,0.0,-2.2247520091545887,2.204597417835447,5.126265262812521,0.06573260057786542,0.005230725356456111,0.0,466.83415019052967,467.45029974240344,469.3403489208922,467.53021461378864
3.3000000000000025,-3.376296648592552,1.6132414752154973,19.6486069488323,0.21289719075852354,0.04038973309373084,0.0,-2.248602686207492,2.298520730264682,4.986183638521147,0.07110379573925113,0.011420090063839625,0.0,389.7125253731578,390.2906508583361,389.67570671383424,390.18170930165525
3.3600000000000025,-3.512101443849074,1.7548647677782292,19.94750645748278,0.2167226924203982,0.04080589193417783,0.0,-2.278289958793915,2.4225348492540277,4.976949524507975,0.04203438635206605,-0.004018990452470356,0.0,434.5215931104505,433.22505746317995,436.2526313877717,433.82099708567836
3.4200000000000026,-3.649828223473614,1.904675550426117,20.24899682447059,0.2192024679147888,0.04048563186755061,0.0,-2.312573657978105,2.571219192641209,5.0720793546812155,0.039881776274977916,-0.008114965982825519,0.0,467.6267529471693,467.30762424071924,468.6529927684738,468.48643000953535
3.4800000000000026,-3.789521733313867,2.062970976799647,20.55406028897181,0.22129757474386036,0.04020710116562576,0.0,-2.343856652819961,2.7053766524942318,5.096400419126654,0.02246690249360442,0.0015287183737885796,0.0,446.5189167577669,447.3051726741926,448.0676170369323,446.6498264171682
3.5400000000000027,-3.9312027331479453,2.2299320229815076,20.863217262537255,0.22288314109495744,0.04018295359188606,0.0,-2.3788423665053067,2.8599116183242814,5.208098770672251,0.033355523778273145,-0.004575711835403097,0.0,474.960463739952,474.4919918975867,474.871970521458,475.7067192082372
3.6000000000000028,-4.07487691766042,2.405584578861034,21.176421569760553,0.22507954484927506,0.03973654494956147,0.0,-2.4102795940027653,2.9952253259612087,5.23173673177564,0.04242264757098548,-0.01389253317455761,0.0,449.6451653632928,448.88971963597794,448.6140098954015,449.35037307432316
3.660000000000003,-4.220567417159916,2.5901377583006266,21.494327733004475,0.22796514990337968,0.03963321378008722,0.0,-2.4460193789050684,3.1565638829506852,5.3642274839627495,0.05752981632044029,0.015446369404762647,0.0,482.24834420012485,484.45980723684664,482.88093024789924,484.0205842163467
3.720000000000003,-4.368290776706113,2.7837364981794064,21.817228869659534,0.23162182050588154,0.040524433881896194,0.0,-2.478183602392817,3.2968847512247805,5.398693547301737,0.0670204750739481,0.013641153400307872,0.0,455.35470571629395,455.2101312792002,454.77386454676866,455.5360975412062
3.780000000000003,-4.51786204476174,2.9852256275648585,22.139723538181865,0.2355368520599157,0.0411740898921753,0.0,-2.507610372529199,3.4196626197679394,5.3511092529979924,0.06145425140757866,0.0045049168546354625,0.0,430.02825219749803,429.253353983686,429.480420207546,429.0112466272093
3.840000000000003,-4.669177296619258,3.1939251079107414,22.458512667397443,0.23987614659967615,0.04110380738396202,0.0,-2.536276401105456,3.5372523881545748,5.275330015423858,0.08812080856644193,-0.016043320628737073,0.0,420.77736760946243,418.9943355980083,418.72949364297114,421.0476071186086
3.900000000000003,-4.822260186239947,3.410003824709378,22.773844424030212,0.24561945854431588,0.04015974139516043,0.0,-2.5664391533939344,3.665732048027505,5.235628967635679,0.10771479239300712,-0.01512373452048005,0.0,431.4569606711776,431.53469821144137,431.4290495196377,433.0885280467414
3.960000000000003,-4.977209146988385,3.6342716786440876,23.088363931793808,0.2521460714213557,0.03908942427056772,0.0,-2.598456459207287,3.8102742281813997,5.247923965269635,0.11081895003288103,-0.023911548052601095,0.0,449.7455236132315,449.03311361789616,448.9608321634609,449.2229534396956
4.020000000000002,-5.134039576945373,3.867150963051227,23.40297209535101,0.2593186372754914,0.037866699355200595,0.0,-2.6291344195307618,3.952818615533606,5.238679023908791,0.13290960776208294,-0.014113716654112794,0.0,442.74313546075535,443.54870259235037,442.30913096938554,444.1376933509572
4.080000000000001,-5.29274980717415,4.109050662278629,23.718339395318733,0.2672989547276803,0.03703144931427005,0.0,-2.6611399852765376,4.111018789710146,5.272915723535456,0.13319576694706756,-0.013537843104137269,0.0,457.9483845360629,457.9943186448834,458.02529038423245,458.06375479620567
4.14,-5.453277659477309,4.359896192168973,24.033272376086387,0.2750105042686899,0.03691489038100659,0.0,-2.6897831639335537,4.251013545171113,5.224654698217215,0.1170155917228511,0.014634521329245259,0.0,431.8095487975349,434.18020648192197,432.55101499343755,431.20142472477625
4.199999999999998,-5.615641068803184,4.620042938447158,24.348106927527915,0.28180290507237427,0.03797598496653176,0.0,-2.7224242355729613,4.420911056185461,5.269089410394668,0.10423551004875767,0.02317720452062211,0.0,461.81772997326874,462.49111977709236,464.54790677398324,463.55521593413783
4.259999999999997,-5.779919668826222,4.889965627741489,24.66378868721978,0.2881581462474605,0.04034203867059194,0.0,-2.7537094387069474,4.576838590433483,5.2532346647358,0.10909176074307414,0.06039790600001742,0.0,444.03106508500474,447.0754576780197,444.7684145094839,445.1758456671104
4.319999999999996,-5.946238276190127,5.170109551541758,24.98111596604864,0.2953951094949465,0.04375470243156698,0.0,-2.790573886481998,4.761594131312309,5.32334835025399,0.13710652301029339,0.04870024426403436,0.0,473.63542695251215,472.7367009292115,473.00304099960886,475.1677367780776
4.379999999999995,-6.114957163452238,5.462240308101222,25.305159077074933,0.30317205735675756,0.04730712501714596,0.0,-2.8337118823767606,4.976435791617177,5.47648506694121,0.10720312840716639,0.07461648211401227,0.0,499.4594799827926,501.34833160878975,502.24835341659923,500.0872256961503
4.439999999999993,-6.286124605434502,5.765972251808021,25.63380250419557,0.30961011245784853,0.05141345186184765,0.0,-2.872243538104934,5.1482179845378075,5.4776618315349825,0.10749561771270875,0.05172369641924638,0.0,457.75828334956236,455.9357230867777,457.63740124496,457.6704311435808
4.499999999999992,-6.459652004516931,6.079948895755695,25.96203634188349,0.31609016067813567,0.054341112748305775,0.0,-2.912264758974085,5.317933841659012,5.462935926965843,0.10899165949349206,0.04217854835370277,0.0,453.38436706585964,452.61802661410576,453.82063770406154,453.9507236041109
4.559999999999991,-6.635603998080263,6.404009207203443,26.2888145391122,0.3229752015236649,0.0573881461649739,0.0,-2.953045109291804,5.484366221056829,5.429234355781848,0.1243051188979933,0.06401569539336278,0.0,447.5273637880487,449.30330464964396,447.71444820898984,448.9704576156237
4.6199999999999894,-6.813966593941874,6.737610923027613,26.611970445265726,0.33009171763509215,0.06164379112502605,0.0,-2.992700574444391,5.636057153509625,5.342467608054441,0.10368568363562253,0.0820378225844315,0.0,430.764250948941,432.2899252158804,432.3725132423225,430.6442281847232
4.679999999999988,-6.995150834710122,7.0823074779621,26.935494242642523,0.3363313546763358,0.06626347662345289,0.0,-3.0472143201614443,5.853859615058558,5.440295170365759,0.10460296829554351,0.06429082888515635,0.0,492.7069960664202,491.396849707044,490.82701470720565,490.90339963112604
4.739999999999987,-7.179373925051829,7.438530345950223,27.260203623459734,0.3423957397004731,0.07054752281943433,0.0,-3.093891990503665,6.020443842666906,5.383007466083443,0.09287299564129593,0.0827687867755677,0.0,444.308248876695,445.82483557013063,445.09503888352003,444.142508925145
4.799999999999986,-7.366654711217818,7.805647311567882,27.58381924101107,0.34762627928523226,0.07547757773586206,0.0,-3.1492235480664585,6.216793567534243,5.4033123427103495,0.07224382298974398,0.08093801577046054,0.0,470.63417136486953,470.4974763942498,472.18017505161924,470.5912737360367
4.859999999999984,-7.557156415008937,8.183716603696114,27.90622446451632,0.35173879133419383,0.08054112874930563,0.0,-3.201237080791767,6.385529597293266,5.34325248627547,0.05986528274027253,0.09053052587424322,0.0,446.01874002856397,446.8074714805245,447.0705954844991,446.0640483024183
4.919999999999983,-7.750948856441383,8.57226746728376,28.225951363970598,0.35532324571049934,0.08578303113737107,0.0,-3.2589525551621277,6.566049856350513,5.313840758372312,0.05949109543258766,0.08013889483068819,0.0,457.2201884474172,456.3973541445594,457.77390315431006,457.7465164199631
4.979999999999982,-7.948147072033623,8.971051694627818,28.542276412025327,0.35902970620553987,0.09021545070513959,0.0,-3.314702561731792,6.726740717992356,5.230230024775495,0.06598719934006668,0.05682054293382951,0.0,441.01584936478287,439.0891437893627,439.9079778507008,440.4484929542476
5.0399999999999805,-8.149033555675988,9.380530926447928,28.856370785375127,0.3628511765211151,0.09339288456838446,0.0,-3.3817898824036554,6.922388523487301,5.238857326693721,0.05865317266181366,0.04382683488321254,0.0,471.9836021969332,470.9810554428311,470.61016899740554,470.0446876009549
